"0","plot(heart_glm, which=5, id.n = 10)"
